50
3 2
0 1
3 2
6 1
2 2
0 3
1 1
20 4
-78030 4
-47630 1
-43977 2
-37687 4
-37683 4
-32335 3
-31750 3
-26324 3
4250 3
8396 2
13109 5
41448 1
48766 1
51120 5
54804 4
56269 2
60399 3
64504 4
95836 4
99367 1
20 3
-100000 7
-86853 6
-79551 7
-76900 5
-73540 3
-72145 2
-66200 6
-38345 3
-28240 1
-10659 3
11408 8
15975 6
29658 1
48293 5
72052 7
83322 3
92320 3
95632 8
96449 8
100000 8
20 5
-94825 1
-92413 5
-92160 1
-90474 2
-64718 3
-52233 3
-1108 1
5717 2
23388 2
24980 3
49467 3
51130 2
64014 3
65457 5
74396 2
78085 3
79082 4
79089 4
79552 1
98803 2
1 5
-27338 100
20 2
-98847 2
-98793 5
-98791 3
-95459 3
-86602 2
-81347 3
-78412 2
-77217 2
-33055 2
-25294 5
-12316 5
-3832 4
2672 5
14001 5
42899 1
52571 5
59916 2
66877 5
77638 4
92359 4
15 4
-82320 13
-54611 3
-45000 9
-44817 12
-41800 5
-37439 3
-32314 5
-29208 3
-8190 6
-6572 8
37968 11
46244 4
60230 8
60524 5
74924 4
20 5
-100000 10
-99275 1
-94346 2
-86891 5
-82037 5
-52523 10
-46685 3
-41086 6
-23387 10
-19634 5
-19387 2
-11370 5
-2788 3
7627 3
10735 8
17857 5
19579 3
31446 7
56497 5
100000 2
20 5
-100000 2
-90876 6
-86188 8
-82331 1
-79322 5
-73457 4
-71390 5
-65021 8
-59560 3
-25379 3
-15778 4
-5587 2
25185 3
39130 3
48452 3
74183 5
81923 6
91640 9
96167 12
100000 8
3 1
-78394 44
-78390 32
-78385 17
20 5
-100000 4
-98175 2
-96730 9
-93960 7
-78832 3
-75105 9
-67318 6
-43756 3
-28401 9
-14672 5
-4212 2
32975 2
36017 6
36556 8
44091 7
45185 2
55534 5
59867 4
61079 4
100000 3
16 3
-95819 8
-66233 8
-46931 12
-32038 4
-16917 9
-4409 3
-4251 10
7404 2
10405 7
11458 10
12485 4
25041 5
32890 7
43140 8
44277 1
50071 2
4 2
74248 34
74258 24
74265 21
74274 19
10 2
-96847 1
-81495 1
-60721 1
-54063 1
-50411 1
-40437 1
-23709 1
-14950 1
-10927 1
13358 1
10 1
-6 9
-5 13
-1 6
0 12
3 4
4 15
6 3
7 15
8 5
10 16
20 3
-54176 3
-11722 1
-11062 2
-7529 2
-3431 4
8134 2
27269 4
29699 2
33266 5
33268 4
33737 4
36541 5
39364 5
47335 4
54121 3
56631 4
64367 1
80099 2
89438 4
93348 3
18 5
-92128 9
-91723 6
-85832 5
-69273 5
-54883 3
-44206 8
-28130 4
-22505 7
-19952 1
-15845 9
-7082 6
-2254 5
27943 7
29407 10
36950 1
44594 2
52899 6
81714 4
1 4
76119 65
2 5
-10365 63
38618 28
18 2
-86394 2
-86376 4
-86371 4
-86347 7
-86323 2
-86308 7
-86297 3
-86286 4
-86258 3
-86231 1
-25067 10
-25038 15
-25008 12
-25006 6
-24983 10
-24967 6
-24959 2
-24947 2
1 5
1718 58
20 4
-100000 7
-96784 8
-88394 7
-87914 2
-75010 4
-70713 9
-52228 4
-16820 5
-4137 5
4590 5
5277 1
53198 10
57763 4
61302 8
68073 2
71250 3
76656 2
88175 6
97220 4
100000 4
6 5
-30 17
-22 8
-17 21
-3 20
-1 19
12 6
7 5
-81899 5
-48752 27
-28612 10
-300 7
80682 11
80942 17
83664 18
20 5
-100000 9
-91520 5
-74521 3
-43284 2
-34650 4
-24149 5
-6144 5
-4913 4
-408 6
2875 6
14570 5
28575 2
39457 7
44821 5
62001 6
81529 7
85640 5
90225 4
97723 2
100000 8
20 4
-88566 3
-83413 1
-73482 2
-60912 5
-51456 5
-49244 3
-48616 3
-42939 4
-12131 1
-9545 4
1540 3
5401 5
7376 1
15124 1
30006 5
35468 4
35482 5
38553 5
57260 2
63468 1
14 1
-14 6
-12 3
-10 11
-7 10
-6 5
-5 7
-3 11
-2 5
4 6
5 5
6 1
7 11
9 11
13 8
20 5
-84432 3
-74938 2
-69615 5
-51711 4
-47031 1
-27034 5
-20526 4
-14804 3
-11135 3
-11121 5
696 3
2002 4
4163 3
21546 5
29930 4
44395 2
47518 4
74842 2
86494 4
96347 3
6 4
-90656 68
-90647 13
51574 5
51596 4
51605 7
51633 1
20 5
-100000 9
-99422 7
-95263 4
-93861 3
-87000 8
-81801 5
-47051 8
-30333 4
-20377 2
-19482 3
-19297 3
7620 9
25393 3
53883 2
60141 4
66714 6
71332 2
80761 8
96054 4
100000 6
1 2
98029 69
1 5
2788 100
1 2
-96678 63
16 5
-60749 1
-55846 1
-45466 1
-42578 1
-27282 1
-26618 1
-18696 1
-3716 1
1503 1
6187 1
7211 1
9216 1
30274 1
46574 1
78585 1
83169 1
1 5
99341 100
10 2
-20 14
-13 2
-12 16
-6 8
3 10
5 8
7 12
10 5
11 13
19 11
9 3
-37483 11
-37473 5
-37468 11
-37458 23
-37455 15
-37450 10
-37449 8
-37442 8
-37434 5
15 2
-44937 9
-44933 6
-44927 5
-44922 13
-44918 12
-44917 5
-44907 3
-44901 7
-44893 3
-44884 5
-44874 7
-44873 3
-44866 3
-44857 10
-44852 8
8 2
-42638 1
-41760 1
-28431 1
3357 1
12782 1
50280 1
65608 1
66165 1
1 3
67107 91
2 5
-6129 54
-3019 43
20 5
-81354 4
-73970 2
-54688 5
-41640 3
-41284 5
-41280 5
-34942 3
-28223 1
-25196 3
-19387 3
-10578 3
-8490 2
-3648 5
28669 2
53668 5
56984 2
63416 5
77964 5
82472 4
91297 4
13 1
-36764 10
-36753 32
-36739 28
-36719 9
-36714 3
47835 2
47851 3
47857 3
47878 3
47891 1
47897 1
47908 1
47935 2
20 5
-93002 5
-87974 2
-75746 4
-75735 5
-69340 5
-67257 4
-66374 1
-60899 2
-54399 2
-30318 3
-15601 2
-14083 5
-6469 2
-3106 3
7172 5
10433 2
12541 4
33652 4
84900 3
95713 2
20 5
-92119 3
-89222 5
-85740 1
-74457 5
-41163 2
-21325 5
-15022 3
-15019 4
4304 5
15871 2
19181 4
30496 1
34695 2
46895 2
47343 2
55812 5
63298 2
75417 4
89520 2
98712 5
20 5
-88992 1
-67791 1
-28272 5
-27829 2
-21020 4
-15949 5
-15945 4
-15899 5
-15648 3
1747 5
12034 1
13874 4
20592 2
23820 1
39166 4
48976 4
53623 2
75444 5
98422 2
99082 1
12 4
-87458 1
-84616 1
-69731 1
-60854 1
-60631 1
-31667 1
9226 1
26310 1
46989 1
77788 1
84257 1
92049 1
20 5
-100000 10
-81214 6
-54891 2
-48782 2
-45744 5
-5406 4
2053 7
22442 7
45653 6
51815 2
53027 7
55864 3
63874 3
71103 4
75130 5
78642 9
81583 5
81900 5
85169 2
100000 6
1 5
-81693 100
