100
5
1 2 3 4 5
3
3 5 6
2
5 6
2
5 5
15
694876 140319 483803 112894 57645 459726 314306 624493 231906 210485 622495 571145 102559 424062 153226
15
138144 977282 166384 107563 803000 17975 548872 66500 73823 825984 428724 767748 120186 592347 996537
3
10744 150059 411252
3
272745 19381 794175
4
357244 514100 847043 935819
4
611702 497128 936980 35978
12
288347 956766 278788 688265 803703 734355 357808 387086 404799 615997 396858 692714
11
849496 726512 181587 918626 554712 259322 167477 576485 867131 498122 18330
14
56967 234381 994045 218111 143795 639304 688120 755415 403477 91922 144296 495835 394740 119900
12
650517 312088 151852 875248 538318 717555 579600 367149 252900 413065 830161 727012
12
9175 2385 138 3274 7242 1799 2867 5030 8911 1833 1449 1361
5
7070 8100 4119 3275 3894
14
6396 2517 479 8385 6250 2616 5439 1208 67 8426 2435 171 9564 16191
12
9582 9761 7571 6121 9317 818 7525 9942 9626 6298 1657 11944
7
1603 2656 9675 6905 7441 7954 12562
12
1650 1047 2348 9453 6858 4462 5974 3746 1146 9493 6723 1752
10
4281 3840 6455 699 1061 1933 8571 1516 1632 6158
3
3171 6731 5672
5
9375 7047 1127 8541 6690
6
5708 1300 4816 1925 5230 4707
7
7151 7563 2053 8045 7654 6976 5427
13
4691 7461 1202 1419 7037 1181 9733 7385 2035 7830 4250 8525 961
6
5269 8806 7231 6954 9954 8875
13
3775 4048 9438 8779 3744 5532 3270 2539 6817 8171 6181 7133 8025
5
8911 9271 2519 1659 2388
13
6738 9451 4059 4485 6085 3496 773 4780 2204 901 4537 6742 11221
9
1210 9506 5968 7495 4693 2865 1886 6687 12202
9
949 504 1227 3214 2364 7160 7495 9623 8220
15
8142 4680 3085 5807 8933 3017 9025 6399 1887 7314 1756 8845 3059 9156 4637
2
1293 8726
3
3685 8089 4604
14
9189 188 5239 9182 8841 1842 9512 2962 2376 8495 3124 9319 7951 202
6
2545 3160 3353 4960 7055 95
3
5262 3039 8017
14
395 8672 8611 3328 8115 4857 6835 3843 2864 6343 7116 8988 211 1860
4
202 6616 3780 5443
12
4473 9153 1050 1792 8860 706 4537 2051 8965 6371 5934 9358
14
8924 65 3102 5610 5967 7981 9167 7498 5381 6428 3412 8620 3719 9192
13
5842 7762 455 4820 6931 8033 1228 7835 2761 9256 47 860 10276
10
9517 2637 9944 6542 6919 4211 488 3035 2150 6
3
9591 1337 8270
13
662 2151 4730 3786 4591 6156 7620 914 6381 9 1852 7944 2691
8
4305 6478 6343 3184 5781 5908 8763 16018
11
6264 3309 9879 8402 3306 5010 7172 6176 6900 933 7101
4
4192 8075 7184 5115
6
342 6604 7378 3171 9486 11557
6
1908 3251 575 1618 6153 6051
7
820 554 6841 7056 993 5336 5902
6
951 6964 9813 9275 3671 5306
9
4389 7629 1956 9307 7992 748 9488 7606 4993
13
467 446 1488 9185 6179 2640 6306 1274 6431 1172 7906 4581 15099
14
4810 6802 8545 8719 5932 7134 1394 1812 4606 2029 4262 1009 6964 3203
7
9572 4870 1955 4947 8064 7609 4967
2
3288 9473
6
5994 5473 1660 9571 2665 11133
2
1945 5771
9
4787 1791 9604 3860 6162 4585 277 3659 14457
14
9293 7273 6418 9148 1595 7831 9531 540 5560 591 9564 1058 3312 1912
6
9863 9582 2935 5629 501 7318
9
2746 1554 4192 2223 2105 7691 4357 41 4985
10
693 7616 3891 5464 2540 5381 9609 9545 7300 1459
3
4631 4088 7663
6
2212 7374 8184 2897 7506 7569
13
256 7131 5092 7706 6452 1741 5843 5116 7662 5750 212 226 9122
8
8837 4698 5920 2781 1076 6779 7756 11553
13
6410 2536 3356 5251 641 8789 55 9925 374 8660 980 4618 15911
7
6619 598 3177 5862 5385 7649 2538
15
262 3919 597 2844 4880 3139 8104 5600 5943 1964 3251 9601 3927 9636 6348
11
8587 3476 1079 5854 5410 984 3500 4247 9788 1194 6049
6
1266 1809 4226 5359 7867 4846
2
9034 4916
3
8982 6204 15146
14
5323 2380 4585 3594 9204 2512 2805 1841 3993 902 5886 516 7919 4979
4
6346 61 2841 1390
13
7297 7727 9545 7853 826 6841 987 5364 4794 4330 6330 3583 8435
5
1560 4704 9143 9085 5298
11
9947 235 2998 7504 4148 4233 804 778 3357 8449 7257
15
620 6809 6556 103 5661 85 8996 4406 6135 2685 1840 1467 8718 8867 15096
6
7118 7018 9559 9377 5906 5696
13
1776 7471 7354 2558 1897 1637 657 4363 8736 2128 3889 4927 2290
15
7704 8573 1840 1589 4472 3820 3867 3293 5765 3107 3625 6544 8848 6609 4709
3
7788 6031 2531
15
7750 738 101 3022 820 3375 8866 9249 6178 2472 4707 975 8775 3036 8710
3
196 1580 1768
9
547 7559 4963 69 5804 3951 5784 8918 8463
7
2133 2569 5994 8455 3075 1293 15679
10
6888 6859 6082 5170 6824 6132 3077 7482 1333 6789
7
4109 8938 5124 2418 6094 650 15061
11
1442 8789 5071 9478 7517 9081 8548 8329 7582 1289 3999
15
2926 5143 8621 6396 5273 116 355 641 3009 6059 6577 570 7211 2919 8586
9
5000 1962 5689 2823 7438 1209 4103 8058 8150
12
1627 6754 2891 5206 3484 6754 6903 3928 6590 4578 8106 8950
5
3753 8713 7785 519 750
11
4298 3464 7175 427 2921 8718 2391 8745 7337 2540 6066
10
5350 6090 6459 4360 2523 9693 6237 7369 7456 2965
7
925 7928 3920 348 6899 6078 7240
